0 0.626296 0.646347 0.041481 0.050839
0 0.102037 0.803554 0.084815 0.102665
0 0.377037 0.803060 0.085185 0.102665
0 0.238519 0.797631 0.064444 0.076999
0 0.110741 0.646841 0.041481 0.049852
0 0.618148 0.804047 0.085185 0.103653
0 0.754630 0.797631 0.064815 0.077986
0 0.892593 0.802813 0.086667 0.102172
0 0.758704 0.161649 0.191481 0.198914
0 0.841296 0.473347 0.071481 0.083909
0 0.664815 0.473347 0.071852 0.084896
0 0.325926 0.473347 0.071111 0.084896
0 0.148704 0.473347 0.070000 0.084896
0 0.237037 0.162883 0.187407 0.197433